131.280052091322 200.120813274945 43.2033710668813
129.572539482239 212.018316664819 41.8960298130818
129.439149588615 213.077904216485 41.3368999426009
129.267268532286 210.975769225659 41.9628027100056
127.550063407617 217.204706133361 42.523392112671
128.80172313468 212.15104189379 42.5413244372594
130.274101736229 207.195170585257 42.2809152477569
127.383644059551 213.113371263411 42.8355023927185
130.556456582639 206.449375448901 42.0132862793609
129.312658490923 213.485999943553 41.2774119302103
128.507935772027 216.999327036193 40.7816022270714
131.2959197529 208.029141292566 41.4828796644869
128.419819725911 210.876297676164 42.1419402623812
130.119222313055 207.372974673803 42.5688304146191
126.62942469036 225.456213962461 40.4162004582638
128.71480662461 206.483565205428 43.7195957320549
130.566860166589 206.793352388539 42.6269490986492
129.738174668437 212.325990744872 41.026773707346
129.447017045779 207.230233175016 43.1312304056907
128.899416253767 210.531222192426 42.5107187608152
127.733306416917 219.352556471703 40.785602879654
130.549931576216 205.124130761388 42.2605306417314
128.12640143867 216.966574595602 41.1392928807101
128.981201980089 210.11626780247 42.5834095994531
131.442084739845 199.753019811395 43.5227797295886
129.979317261745 205.998682594082 42.7800127956905
129.486313975109 207.343226110773 42.3893764617511
128.897252095391 209.514158968154 42.2438113984977
128.233699241645 214.650575903498 41.7785622291899
129.853383719119 215.68327414164 40.1130767869638
127.978818768989 225.398541706317 39.6315861447953
126.92853613925 221.544143341354 40.6928292238713
131.318269261441 200.941731242316 43.1548445188024
130.419148031288 209.381943298093 41.4066139795842
130.213786539828 204.922449917207 43.2671749943231
131.080649767788 205.186250435436 42.0812540980625
127.773374479888 221.584004450217 40.8179454176928
128.981747567302 213.630864258307 41.0529375023102
127.388369292537 219.937508989468 41.5487150433821
131.153130748882 205.969933958519 42.2528128456928
130.063877803762 205.272632045615 43.1924031870507
127.093141945331 227.015741965628 39.0888779441665
129.1832610843 213.583263345809 41.3166752979558
128.352332047469 211.165540731726 42.6077005223779
127.894866759655 216.106945046319 41.6761675001064
129.333622111035 209.869218197485 42.3508053515944
127.344598288423 225.599095199624 39.8448947481564
129.8126416165 204.010527607302 43.8102555670748
129.038310171481 219.993033585199 40.4659929530222
131.123950502141 203.440146106926 42.720871630895
129.040113687834 212.468882370523 41.1901984952868
129.34383028221 212.416176038852 41.6670753245279
130.003101456087 206.002482449104 42.8651048297027
128.56486237295 213.156836853569 41.8926621960208
131.345788072577 201.622536987408 43.0018152586953
131.42900190312 207.26570299047 41.6539758616956
129.407103137304 204.988048227383 43.3317808675236
131.885255884369 197.460213084037 44.0437875936714
131.069657101684 204.512457834126 42.3520820980243
128.106289950485 211.686159192194 42.8408657018354
128.376966186852 215.544721539473 41.5217148140719
128.579011015051 212.808010372463 41.5856597428773
125.830642529002 217.472965137395 43.2713695314794
129.028628039605 208.582309318634 42.7741222526633
128.405880594544 211.708285060072 42.5398509592395
126.83717677491 223.096561568373 41.1102925761135
130.769079166229 204.041586774835 42.8488949239318
129.558821966809 210.789332026188 42.3098573226298
128.20718304493 211.554430863956 42.5999278428062
128.91356748183 213.692787164115 41.4557096281494
127.26694133827 220.423686701092 40.5729254597137
128.921335419282 214.999930457581 41.1713742144385
130.428127624479 210.110863464088 41.1367966632901
129.063125826475 214.569827841291 41.4382232020507
130.311952400471 201.997851198829 43.7073439008312
127.331145311933 218.491410133947 41.6206871310614
127.901283643805 213.951206849946 42.351401703988
129.044729057513 214.038528818284 41.2285749623121
128.102677822868 211.594856137847 42.6270874903536
129.205061195888 204.602216576583 44.0173814469159
128.60667026464 215.593328421302 41.0814243390632
128.772240603504 210.290201188107 42.8450379417227
130.011699876114 210.007094462877 41.3220020615677
130.717203864072 211.598713298609 40.4180264554217
128.430461935397 214.577680161735 41.4330383990039
126.109233345536 217.99150538236 42.0595485204435
131.145949451256 207.624465759051 41.7450180029044
127.897415836365 215.064766682492 41.6556835118663
128.253228112607 215.214707998347 41.9486061342259
128.120616516353 223.806765090317 39.7834775881572
129.844615048846 213.376308218691 40.8322163408236
129.714661077123 203.855091994878 43.9279696136923
131.823756366956 200.918446896572 42.4900104382836
127.884597840234 221.598601590774 40.6581768715488
128.876222700309 212.87427248487 42.717534492132
129.98909880477 209.007561913386 42.132324199998
128.989410403272 211.202590257767 41.5662125909582
125.923222680393 227.321260453753 40.3858791986282
129.520277169748 216.194773157108 39.541268041847
128.924742844649 208.465076780045 43.3143295101689
128.499608524888 210.740917603341 43.3297009023438
130.867789692952 209.769676874341 41.073392624286
130.185264181319 208.398928821944 41.7270463694664
128.537486680363 218.11748504109 40.6595272195891
129.142465791874 210.735923739281 42.4199656856321
127.208085013354 224.081980718437 40.0513682719011
127.709928877988 221.881996406994 40.6404653243873
128.026610125816 216.236046712671 41.7939967271085
131.063616856844 204.415895456013 42.8539552866508
129.523780855353 212.723962490365 41.6403358923184
130.603133113253 204.051822751718 42.9747176263887
130.107418603249 207.762895703518 42.0620761608568
129.670409449203 214.22742622751 39.9220412856133
132.267657251327 200.696621608793 42.3784621165546
129.932583119824 211.007875293787 42.024538058358
129.565775294565 208.775726558273 42.4125729787167
130.681097841013 205.604379933069 42.9115189804012
131.864235178749 205.97467459031 41.5365034105763
130.337783429237 209.891445237871 41.5301099519706
129.494151788336 211.944790151208 41.1984084662827
131.412243876151 202.94510130253 42.6122964267244
130.367338135388 209.875132071989 41.6976508935594
128.092767504113 217.463893530023 41.2885766090563
129.794471589058 208.630532686807 41.9265359282722
130.096589462556 207.067577055486 42.3546037310117
128.221063762018 215.928043318372 41.6597010219106
129.196907007321 210.189618745786 41.9912574010841
126.339996468709 222.714625792099 40.9137684661144
129.350633109085 210.009581412103 41.9923313768504
128.664730987218 218.753663643856 40.3355374832779
129.822008817732 205.674170890131 42.8929108584659
127.663537780952 222.387535900486 40.6382756031172
129.671113944659 212.820078344319 41.1679627852129
126.640833969798 219.00556510179 42.2983026117619
130.784775129865 205.146458701705 42.2753157470867
129.323361257416 209.756676275966 42.1928232494871
129.6832873817 207.689692646619 42.5587012252516
129.334203507007 210.495587618015 42.2477881333277
129.798189176527 205.62330512285 43.3996334795998
130.08264784969 207.562706679632 42.2912245983441
129.672959508519 205.333610838579 43.5821841560076
128.129416235224 216.09315826933 40.6961613389804
128.575273978173 210.47789871119 42.6219022312268
130.500672668519 205.72650901358 42.5364481618348
128.461078631597 213.295575613642 41.1905909494347
129.139915009616 214.0506694599 41.6058794843415
128.71640797637 208.538206846365 43.2167698844369
128.152688687036 224.788027933847 39.8097868630202
128.841234380573 210.342024660822 42.1263264256151
129.838296694706 208.272709440648 42.1415401411368
131.26215188292 202.68931416882 42.8647457737292
129.688843734697 211.830381166584 41.2605197652436
128.791304573871 212.09752047867 42.1106066504105
128.547178441591 213.685894266945 41.7506006608329
129.014328058535 220.986418899126 39.4449464236879
129.618726972674 208.727642468009 42.3896568604215
130.945366940115 204.378792022093 42.5111546749332
129.576561343598 214.355676562113 40.7397030696118
127.499478185128 216.605257890136 41.5818427599999
127.918488055915 213.944989211381 42.4016717136955
128.434423817554 212.56559670877 42.6887991262108
128.562879309794 211.988063479682 42.185731254564
130.407588034966 206.358850725973 42.8153633885758
129.000940606384 213.705902557919 40.889336077381
131.998783090248 194.750401846892 44.2675427152433
128.269487041307 213.884928128375 42.2034980569016
130.541375549204 205.097106858749 42.8006400640289
127.964520434046 218.92889788373 40.8529021989468
128.823547948915 217.482144990205 40.4641613045824
127.73193634642 219.827905247152 40.7586969392603
127.932386584556 215.117456587859 41.5738083024637
127.194737809055 217.422429957954 41.7188019251362
130.541630036678 206.924293009501 41.1202998952155
129.317298095859 214.005328315247 41.0561992128289
128.698673096326 211.786148962144 42.1622456291874
129.394789918246 214.235551726824 41.4980907711027
131.845516591028 208.845626172567 40.8219716248619
127.580105512596 221.083285786119 40.7272166693298
130.488763107087 205.826040963193 42.5053386120479
126.570870632503 225.075610196502 40.5669405128607
127.19614840874 218.809991130887 42.1088067374722
129.132268512846 211.224211257122 42.3321138287414
130.19194793045 209.022467467829 42.0811640932839
128.63140517183 220.11045210807 39.6083374705057
129.080795768307 210.822338165635 42.3604439560238
127.593707373723 213.638416794516 42.2434436294306
129.668088868323 203.848492023678 44.3097879826164
131.189286284221 205.784930456764 42.6279981767094
128.921426228082 208.906064861073 43.3494679736726
127.327324145566 217.4371525067 41.2302281686867
130.024498784003 208.715645824468 41.7981319736642
130.571941750802 204.273356253109 42.915035680963
129.65011594515 208.211286735905 41.8020852906943
130.546885859307 205.332706919228 42.2710257216715
129.540128474145 207.109696632506 43.3589072508908
127.437507456206 224.156415631221 39.9157364705314
131.152721457289 201.228404569098 43.6008901757461
129.152647684153 216.0258843245 40.1680108655267
130.842613874304 204.726912292592 42.3471891199432
127.496127603314 216.307403131338 41.5844253882647
127.629147357266 218.226187198739 40.8040092331082
127.361110253769 219.760689793982 41.3522599736823
131.537610307806 199.277750590472 42.9249645547561
129.304215251074 208.501897560965 42.2181358932773
128.322538301254 214.772662172702 40.9367679954473
128.239491873112 215.392312130053 41.7990456386277
126.693153367261 220.073620738208 42.0554443420556
130.648655368415 207.624706352033 42.1371985768818
127.856763874342 213.919647106271 42.6374433312995
129.416407253761 215.137718537124 40.2905586380339
129.359833858617 210.16728805468 41.9773627178506
128.984267546561 207.757669795535 43.4208116249533
129.057286985332 208.293634703701 43.3060436502355
128.999512901802 213.311318838308 41.2986790086771
128.942804150084 213.769634149557 41.8140603645797
129.667585170612 209.713770095624 41.8277026602909
129.884869969311 214.655875033177 40.9097632203882
129.844812033081 212.104479932154 41.395586071644
130.590761039159 204.564054719104 43.1386834911572
127.267115701085 218.082540443618 41.8083613101194
131.406670016303 204.617404362247 42.3503520063371
129.486460250801 207.254547422687 42.9335447331877
131.683683178652 199.069933560236 43.6815864699446
129.772278757453 208.677790821061 41.9158296220587
129.203502650786 215.624543662495 40.712720699482
128.130318873135 217.547103705047 40.6290164698181
129.701070016906 208.965456316467 42.0051342031872
128.075248631925 219.659637905169 40.4356897607973
128.045169181407 216.208532478602 41.8958384029359
132.417034917218 196.479591276967 43.4919847772288
127.848763203831 218.810005928092 41.0430960680465
127.720166688525 218.117969694853 41.5458525318313
131.626938787441 204.142250554177 42.0857843619938
129.930942686083 206.703919674051 42.4408523842371
127.861683086125 215.99864211184 41.3923155684622
129.442913336486 211.128959098258 41.9458104106961
129.893938903446 207.493035806258 42.0132687078951
130.824601676507 208.767736539149 41.4083877154528
128.61554597636 210.5873453446 42.488763642458
128.651814237245 219.313380629588 40.2662481078523
130.896737578954 205.415260269862 41.9629347653349
130.042768842781 210.784801578154 41.8321467384246
128.831988080709 217.909853453165 40.0796363578094
129.352287311035 216.433801777884 40.4921316683357
128.481231899409 209.270742894221 43.6295050567184
127.600166177645 214.769839372735 41.9785350150796
129.446436076786 208.544185843618 43.0368909285197
130.856351184068 205.030706751002 41.9855105372071
127.661701746446 221.574253451667 40.2077689914837
130.09020347388 205.156857441345 42.4583887778223
130.372966620492 209.440686230629 42.1338832827857
130.791166742975 203.229155356848 43.1630872001934
126.107214651671 221.52506055546 41.6338899055327
131.337531531735 205.123304742878 41.9279760191599
128.37978680841 210.150084313378 43.2995101090615
128.589456301474 208.211817194877 43.4570455575909
130.000566905875 216.243526777533 40.3113145526211
129.947635574401 205.457776610916 42.8182976100642
129.923627084362 207.507090688967 42.6995661658676
131.160223760885 209.948637021108 40.5059537655365
128.87148976548 211.712973681535 42.277027483654
129.499160876046 213.864233776485 41.5716138901264
131.581274062393 203.883512035572 42.0083233570241
130.199822407686 202.897247661109 43.5432632054277
127.908608179694 219.419559430637 41.0749781117246
129.311496606082 212.322022355 42.0282197063183
130.084095931965 209.849488679605 41.3053979499122
130.076837579914 204.629661561862 43.2598510803388
129.234345407391 211.848034239733 41.5310347069631
126.366638544646 218.453195262058 42.4239481299714
129.314308555566 211.793941943373 41.0858441436364
129.026207102375 212.430877117044 41.8358322458746
129.754340699603 210.224038461511 41.942412115021
129.159004271087 213.425376703525 41.4528616217723
129.601636619144 213.171658847505 41.1558013051958
130.0361817857 206.456864096353 43.080303570562
130.42944635188 207.279231944709 42.3369010565743
131.873288806574 202.028607409358 42.2906056240474
130.227386124741 209.741365733174 41.525103645463
131.503178560615 198.53167364334 43.6290098470938
129.832601632833 207.806945103508 41.8706474087415
129.958175598071 209.397591709477 42.1621004855028
130.038718524024 212.150721879366 40.7904588805853
128.757761469175 215.351500766936 41.4537344431201
128.407511241369 210.446485162957 43.0005078228225
129.076898834969 218.233423840185 40.072727004034
131.083040294097 207.151727429641 41.8253267216912
130.909075687527 201.020115981848 43.7859174003283
130.990406227703 202.641673870077 43.2214426475241
128.734994862455 217.881878867166 40.1414268246578
131.385564726081 201.041391787557 43.1317438995948
128.233651325771 213.894621634249 42.3031769036778
128.519669658809 219.758819749584 40.3414262343208
126.110375473157 226.333984104132 40.200537401374
126.576576533979 224.653837510594 40.3788058368622
129.197839438323 209.904706134298 42.158830758074
129.210243388339 211.779389941171 41.8530685411022
128.625218164359 209.235646064181 42.9563917150774
130.020100273311 212.288955526222 40.8958850128455
130.189609621304 211.577946046774 41.3512623701268
130.48839172948 205.555963214533 42.6160304213415
129.795192048931 204.19036053092 43.4775205400806
125.851346027099 223.76225574596 41.0171595189889
127.24144410139 218.599195568774 41.4132068020522
129.010840454712 210.979746837184 42.3655210577887
127.245389839954 220.388562924108 40.9394434316373
128.905717809605 212.643797150272 41.4531046167889
128.736118317456 212.998471375269 42.3295462532602
127.231963436347 215.849977017333 42.3465416981507
128.860471596928 205.352424053378 43.8375094863718
128.678253372039 214.91344675843 41.4509309841688
128.191204218311 218.299661347062 40.5571677030967
126.773826886679 218.127168595554 42.3805635284607
130.538831027994 204.868857557327 42.8017358633918
128.439712339552 217.195122601383 41.2432879768023
127.487927980706 214.836486112788 42.3401133012571
129.817588997835 204.564027834728 43.3734940808297
127.949410037595 210.157386481828 43.1108360760098
129.066868042484 206.654604352929 43.1884180751235
127.116885164423 221.370389529733 40.9883199686564
130.062329920294 204.158478495573 43.3341831482557
128.121860695572 218.51684013037 40.447771786081
129.558208807771 213.996725425726 41.4464644108455
128.812970715176 212.365692771865 42.1324190795317
130.501889503716 204.947004197282 42.8506876377455
130.06841081543 207.056984732596 42.4048578838727
127.007703819852 218.399855644394 41.3166105571427
128.163801290762 214.441710281317 42.7218592680194
130.901599988579 202.600733975453 42.9138899637587
129.748897147481 211.366598878576 41.2146885217481
129.146330357352 217.11875243515 39.73388482718
127.999784901648 216.31690164838 41.4085469785198
130.496295734684 200.341536000687 44.2708136498594
129.342904119522 211.221091456577 42.0006410745843
129.138079514983 209.933758919163 42.4635813131639
129.69528543326 207.602090139303 42.9558445972316
127.911249129694 211.941388349368 42.954194440411
128.892642870979 208.585437395707 42.8368158903434
130.522392111586 206.386916907952 42.2811671975513
129.401495307204 215.066544910347 40.761352432336
128.492529099685 213.991483439861 41.6405448852373
127.876267406604 215.837858548478 41.3094722246419
128.782794985268 218.144843134934 40.4501067946697
130.330980733416 206.639513042254 42.4885031566479
127.648800899852 221.137087953477 40.9844234334184
130.092357377581 213.931039014508 40.8804703544423
128.736038802547 208.353551214898 42.6246020326354
129.032154891538 216.201923284737 40.944146231158
129.358147915475 211.558994980297 42.3100757271018
129.871770015522 210.457982345998 41.6372115371683
130.187793538826 205.460014828098 42.6942258440992
129.793303465428 208.826304909264 42.2603768491042
129.083436104169 211.211694079086 42.0025508247302
129.958677022285 211.724701172395 41.4935766078746
131.291844482634 206.889067331449 42.3407913714514
128.686880859434 219.923458152517 40.5140073539131
128.789033131673 210.774033242097 42.0152065867839
127.250522682447 216.275949174124 42.2483835772737
128.823426917741 219.297200828579 40.1969836429825
130.079529304486 209.330755364297 41.7954811755144
130.257604379482 207.902082551848 41.9608610983788
129.437089446878 205.884454937872 43.53153353718
131.824463256847 202.45823729912 42.1656642008283
128.573621847265 208.958135028277 43.6467009733121
127.520535808592 220.842151920314 40.70346281086
128.239439344676 218.322339859404 39.9165343873559
125.726792372658 225.624106498568 40.7871624521282
129.26799541421 209.322869354153 42.1940378877716
129.185055375313 211.201147640043 41.9943491458068
128.957589556506 209.768942388871 43.0195182727282
131.79160780146 203.304438609261 42.2282288307934
128.286799984622 209.680188495869 43.0690382184484
128.644619486794 208.276259419917 43.5558535667384
130.024869930059 206.786957031583 43.0425785513848
129.821374682024 206.834325472327 42.5320637582631
128.909220361945 210.341818049896 42.7663156656279
130.099028587087 211.014502360268 41.1755267071248
129.076612723537 208.385145210555 42.6782372384392
130.554560973407 208.28852128347 41.6929137346885
128.175252127579 220.56901851842 40.0653784085259
131.108717581785 202.069480381113 42.8789156541278
128.584647859942 214.423832013537 41.0524588398718
127.939253257395 218.068571413721 41.174355214838
130.094529641476 205.516106473281 42.4637772461599
128.988029126941 213.989384241865 41.4510168762884
129.895173680184 209.235591268981 41.9137793840914
129.19311616481 211.136393205165 42.565548001547
131.320874059255 195.570910545655 44.8632411590577
127.529106797262 213.398325351341 42.7522543671752
129.27012026622 209.853449534721 42.3211158639629
128.266295318765 218.366832481395 40.7128219293671
128.907480440872 213.924265374926 40.85449645892
130.252732050969 209.4602303458 41.5251340014595
129.260624508621 205.077861343209 43.8564490321933
129.194705623137 211.289826904972 42.8916542512566
127.979499962527 216.403256068941 41.806972304651
129.262719418979 212.654619944498 41.751463289965
129.158042227646 213.980684904116 40.9262521314521
130.451126382068 201.772836618901 43.697026808596
127.598830376943 219.52400438942 40.8151590551063
127.793560540889 218.152764142494 41.8036127795058
132.205413188845 197.544009657152 43.6564046143623
128.772748006013 215.067015635632 41.1713118103922
127.133407366173 217.06423633622 42.1173676780021
130.272115300461 207.660841233018 42.736910069341
129.31996620064 215.382641463944 40.9838093933506
130.356090754586 202.656965488091 43.1670142718803
130.530148535996 211.443747635812 40.907198684169
130.333776947305 211.322973500281 41.0122307802412
129.621632473001 211.156846128605 41.6302132220998
130.308861192168 205.051795673468 42.8247310503181
129.531083100923 207.343404783747 42.5375552521249
128.872627274979 217.409773858225 40.3269457642373
127.880166660879 207.729252054973 44.3160756693942
130.038754922531 203.493556421641 43.3842485517588
126.492794962368 226.286029674125 39.6553912532887
131.159683984063 203.60193766064 42.498327968887
130.408531425982 205.746390978726 42.7467961391556
129.682799916195 211.968988865042 41.0616180911639
128.824325493088 217.274567542017 40.9218623481356
128.335942403653 213.617140745216 42.0223467397457
128.324752896791 207.017698477401 43.9421386645068
128.046071882804 217.032922002544 41.040600336749
126.3558878793 224.664316818389 40.6001609375787
128.443846835419 213.657296697737 41.5234208320794
131.941145067324 197.006078650511 44.2050445486586
130.474559154827 206.965949357745 42.245831133916
131.577535158483 210.66381843671 40.5097915471375
130.363565025455 210.341561396787 40.8981689482216
130.332452388207 205.859169619368 43.2425335215258
128.025538927196 219.910850614001 40.4281839715302
128.564189463104 206.369221108662 43.7564615739328
129.532151596114 213.136306310677 42.0758403167734
130.55603005917 212.490489207375 40.1387109022628
128.693309209128 215.255075978435 41.787479661457
128.192071173403 218.555751663068 40.8516464253874
128.6649769346 215.125017757041 41.2306164076021
129.506992868196 210.349714528006 41.9090497788915
128.866685066768 216.283373941181 41.3562511575471
131.754173692407 198.982728572414 43.8313114990113
128.763955994451 214.043649801973 41.4007784710742
131.351059776753 195.73189348855 44.4461323573016
128.518922277322 214.404507668389 41.8984501025206
129.986593406725 211.088132703561 41.3333910535455
130.038869058398 205.32355318622 43.1025439970897
131.384251838104 200.13235754293 43.6349923901079
129.027883525341 211.25704918805 41.8267064156294
130.537318952553 206.755682887184 42.6743439822165
131.144723159201 212.585604677963 40.5780026832278
128.524378476105 212.607382471636 42.0809363819235
131.070017081456 205.092845120541 42.1946360849135
130.810658595183 208.289482000167 40.8070714187862
129.173213442541 216.939845224082 40.8768617247159
131.535285071641 205.655810644353 41.8683409967354
130.934464630282 204.475636935148 42.0590244160736
131.009397081003 209.768294819588 40.9115301357293
131.62627971162 203.32774609933 41.9694941132238
127.848088997107 215.052967452743 41.9489585582534
130.449260094866 207.329687054312 42.4083442787502
128.050396006106 210.272401194251 42.9244062627882
127.195948548983 218.973459103247 41.3324333010983
130.087349948218 208.856905184943 41.2887941013004
130.612974920447 200.642348226533 43.9210384420534
129.853707263867 206.019430203448 43.2284877460955
128.281605556611 215.750245298631 41.9414215479402
128.830230492267 213.068772318834 41.8217663121523
129.765106240731 211.034213722129 41.466391360198
127.930404745943 217.929162698609 40.636044331261
129.28320994474 209.091902122101 42.4333536102624
128.73815208537 214.499406904558 41.5825284721312
130.502188333674 207.960171543346 41.6418557256868
131.363574092048 206.667595084204 41.5723233550484
128.673961659573 212.517266745807 42.5292070535525
129.084165640329 212.75201757058 41.876551877102
128.352883492595 210.844250083385 42.7524002753319
130.396253864546 211.645430854605 40.5488967095206
132.021318896302 201.279617623469 42.5322907278057
130.449975439795 209.189327897711 41.3578727426714
128.255789294501 209.684555906197 42.6608412311933
130.313397837525 204.477477447363 42.6385435088351
129.912819683327 209.207382468262 41.8434575183554
128.626116947132 217.831025312427 40.1355236101176
129.591359682281 208.88795043698 42.6712303834887
127.542678569035 218.045517542329 41.7155084328914
128.704519728551 211.865698312539 42.3757949002351
128.311816558682 206.311399089935 43.9734443194217
130.75352568329 213.9472557204 40.3626585697883
129.222550587087 214.77313836681 40.4080863447882
128.814731205072 210.847528980049 41.9284070077071
128.32456268996 223.13916580646 39.353077989801
130.078254746093 205.881729887295 42.3751797327919
128.169292326709 218.271075559768 40.6089088103895
128.832836902516 211.548926649809 42.0934525739224
128.900037608908 214.017590752493 41.6458905398949
129.800541692553 209.932884663601 41.7370454584639
130.128215018786 206.864641240292 42.276349065944
129.115014709604 212.314778194879 41.9545211373305
130.580200093158 199.78260795825 44.5949727666423
128.244784929424 218.766729636152 41.1061826657623
132.728374251332 193.621268709695 44.7059873446024
129.881209496921 212.247625830454 41.1995882215891
128.966885410312 209.897215052003 42.4274108578915
128.570338092166 216.472995873157 40.8249149378309
130.757608365301 200.755930500552 43.9554618823277
129.603239404573 213.224936282103 41.3795310688238
129.398650735954 213.397090650528 41.2533931313076
130.106124177393 203.311456302518 43.770461851334
127.852909253645 210.81502605106 43.3542223194883
130.356811601721 207.351500191183 42.0537798851452
131.600524878075 200.860527859612 42.6023230113549
128.648449643842 217.867353006788 40.3883627150042
131.228725480045 199.931952462175 43.3735428711586
130.675358881917 203.381692392401 42.7205457945899
129.180523832258 212.51784583576 41.9425433368386
128.723753849472 214.640674864105 41.2831692531118
128.60816652405 210.751256707584 42.7101074624027
131.696090252522 201.70909322045 42.7427190493631
130.230914839089 207.252958984684 42.2738418152665
130.377085478331 207.845886890569 42.2924763257281
129.20484101284 214.355009584788 41.1413638316253
129.189898570904 207.238412711565 42.5204648305759
129.984688932157 209.146344246134 42.2515476426823
129.001070359947 212.074170394541 41.6306581161465
129.32977670343 207.876857089882 42.6200657901783
129.733911562118 207.390446845698 42.9803170344513
131.561925807677 202.861935835394 42.7330398590957
129.157853681048 213.318595281973 41.0262975622209
129.257454208188 207.798882645052 42.4580754337233
127.860079138902 210.76998967911 43.0646221850636
129.734717845128 211.870126063063 41.3526768378632
129.695833720812 210.588407948845 42.0424884879677
128.988765083976 206.642297880381 43.3103941746958
127.711623666016 227.1285982154 38.9530945065282
131.621874593598 205.076078698558 41.8258023231255
128.12910107147 217.473175298118 41.2669199754402
130.722089074682 202.268613919206 43.6085919436637
128.862710821893 209.638955230068 42.1955134476143
129.728819450475 210.753071858939 41.290803164039
129.285837638863 210.973162111004 42.2304648798542
129.489771618339 218.887158208178 39.5219514888685
130.509104771384 201.365286090216 43.8143099541802
130.273709078811 208.385207966801 41.9761191568987
130.436399340437 210.156810556539 41.624471082789
129.592064334289 208.25446189512 42.6401715803102
129.156913071026 213.905471369202 41.1605414130454
129.387610772556 209.842745456451 41.7602946211375
130.194151359979 212.279753386426 40.3357080569593
128.119278731517 215.690324097795 41.9632981246287
130.629446328728 209.015453564804 41.7649451056059
128.39948764489 215.628709734881 41.2622871685823
128.242572689001 212.411758964831 42.4584563863624
128.966434251243 213.749018027758 41.4023052150688
129.756704098395 211.911495597685 40.9054005579911
128.200614350016 215.5323652035 41.2792388391712
130.687161862846 207.140725275122 41.6940725036699
130.095530249579 205.362204136859 43.3102824680764
128.209462344822 217.96340366238 41.2401428162072
128.992608583636 218.313209603172 40.7640032353948
130.555291877417 206.889451089107 42.123006684362
128.513415153158 213.76813206696 41.8158099647784
127.750206400975 220.615534441831 40.4336660825583
130.244507217885 199.854281042742 44.1259936452217
128.249198889512 216.739661788787 40.9843951923533
127.645693058751 220.884581027545 40.4063385231661
129.076978883672 208.942016055694 42.8592552410208
128.521452024589 213.617550274461 42.1633470705834
128.951203375288 217.425987356922 40.4339214898674
128.900377898989 214.81637440274 41.3142081041024
129.351995134794 207.934953419376 43.295039243719
128.383933207641 205.709268928651 44.3329377007742
131.600922798608 197.619720634158 43.8038256796366
129.649043774688 206.946253038761 43.30505210297
129.923776229962 203.728066233853 43.5130425075312
130.776238242731 202.882808837238 43.5345932341809
128.082829815175 214.128124889458 42.3220446486395
128.946574227213 215.876927001363 40.9879182437559
127.812879844063 215.039220455364 41.8063516927507
129.025654801749 210.856834900657 42.5933333335367
130.904580492964 199.916304609871 44.1764849442997
128.609512047925 212.455784844315 42.2058563534913
127.667630868474 213.464222472512 42.1695881656014
128.303304403976 217.469217723873 40.8860097769471
130.444554618568 203.167803266928 42.8905556645485
129.857253908843 212.835789434368 40.6854168170682
131.325828068239 199.699426582029 43.383170105011
130.685311494564 201.440787801545 43.5717197218713
130.858840033381 211.196004460178 40.7213483863328
128.463914910891 212.471779500608 42.0217976310261
129.501981707367 213.91628533151 40.5915473145018
129.190982655969 215.705497649923 40.8693557093383
130.403753988178 209.301831131451 41.7710591717234
131.316986826628 205.278266832464 41.9727980686094
128.595127307749 219.770366836708 40.59727202104
129.141823243767 207.783605086478 43.0538957246658
127.839371588254 215.272527513911 42.0943153740929
128.614123145089 213.852455637533 41.8557161916698
131.783799665236 201.53994817034 42.8990209267219
131.022708288211 203.091239167499 42.7406813711321
129.974748134515 211.080095157495 41.5120933797669
128.657952747359 205.384205508461 44.7249679682501
129.691892925233 213.431528720547 41.3744166945352
130.77281343156 204.785608251939 42.7188365738873
129.324168185175 209.869131843768 42.3597299212207
127.972504489632 217.644300176574 41.3777724461206
129.605857231707 212.82208773645 40.8653707403974
129.46575957608 210.137886466673 42.1273764113803
129.593832574541 213.654034495215 41.1403669604841
131.79808348319 195.304394201829 44.1488594274136
129.888717958565 205.830159713138 42.9268757958788
129.322357693147 206.096279026852 43.3050506142538
128.52545051394 211.107911870875 42.7135928982072
127.369861554587 218.327955156137 41.6009050775318
129.293974041832 211.495540700266 41.7538784748664
129.244223961527 210.848996230506 42.8203948673659
128.141541092827 226.806337018865 38.6260737980755
127.556836941985 216.57722703046 41.476711283305
128.068162560561 213.71693609525 42.8862314903004
130.755421278886 207.109365053636 41.878742475692
130.237887362253 205.643716603024 42.8969377308002
128.722513533322 210.379761827943 42.5249549265532
129.997847324807 208.682635438353 41.6415764376824
130.449243648997 205.737126438045 42.6283797495987
128.083422647194 216.525273625327 41.5118664461798
129.106609604072 207.895385469893 42.7945683230405
128.23850383925 214.066158942914 41.6542874350725
128.033692765466 213.286878282173 42.7159759976794
127.977942406855 210.184808382835 42.9603406674336
129.109967224944 210.359373497983 42.0996542319397
127.737498344759 218.941633063872 40.8671640138713
126.68097159323 216.394573377573 43.0846202525783
128.248703389364 214.29411216691 42.0902550416563
128.900504346083 208.173487556072 43.019462422482
129.355131676305 214.849621701876 41.4877367616394
128.896522829407 213.214687129216 40.9491336443213
131.404583675759 204.700541300639 42.1861960708382
131.179841908538 203.468103969438 42.5254757077948
129.940333443875 213.224531914569 40.388843178713
132.202870321462 202.113881370861 42.4437143242885
128.826450191312 211.378012226431 42.5245152923499
129.69713517174 206.402543723535 42.8703927756869
128.025128393384 216.023357147966 41.147637262943
132.20613556981 199.791242523229 42.4446409044525
126.499077022918 221.999567358787 41.0063538748596
129.096089976124 208.186158378845 43.6086393784489
127.867542620596 214.20392363804 42.8002724235069
130.680039899248 204.981528782137 42.1544478496534
130.425034466016 208.751017405277 41.7295593987074
131.040295511403 204.628438595344 42.4114623712856
130.190021144699 204.357045786191 43.6306627368891
126.788727094414 218.994685817677 41.8852105798761
130.016948322999 201.495434574127 44.2991804581349
131.478895879422 201.46980935806 43.338435512661
127.937217486464 220.275763613714 40.4514845072404
128.603047508324 204.097141682869 44.4272126095439
129.698397819111 211.293077181126 41.7651608531205
131.430708945818 202.842759672775 43.1939057506963
128.81834861091 209.180719517853 42.9801945629285
129.026863921714 210.793303600449 42.398641601612
127.37443283443 214.112553595651 43.1956348832531
127.799636360853 216.1575128271 41.9435486792277
128.858215401261 206.613502144384 43.3453643996277
129.242126685042 211.951119475378 41.52386059141
130.616958568192 204.095071872635 43.340614165956
127.360783248407 218.745049080422 41.932819425199
131.937813959471 204.859119387674 41.2932632749524
129.177226748563 209.531178686834 42.5117772285694
128.555887561118 211.382293571652 42.2982488080542
127.979994218812 223.290233836583 39.4905192288776
129.163038120332 215.365024995767 41.2552390181972
131.407032380146 204.321483716892 42.509733432483
128.938364525268 218.898263105302 39.6990252019536
129.342975228958 211.342484613612 42.0140625485481
128.335064319525 213.890670058978 42.1974059213267
131.179185253469 204.400092724996 42.4060720151884
127.842628870084 211.127286927789 44.0641149639963
131.869857582413 203.574166862061 41.8507605707244
130.291555746421 207.942787350003 41.4294194859351
130.802364127323 208.244079174868 41.5662395293401
128.683418603077 212.951998999188 41.1664593438296
126.731337167017 220.363265376338 40.6953665690287
129.830559969873 200.084546875248 44.6334104967486
128.294725497034 214.132364704012 42.3698522084041
129.704601714108 213.559233846921 40.8088181892088
129.90459308782 206.410832781481 42.9349247688741
127.475076559303 213.038054427246 42.9104167786329
130.954844627211 201.411065230613 43.2834490562238
130.639394551425 204.581531020518 42.3779210879361
130.014176260232 206.071999047996 42.6100433258197
125.596282531286 227.570109544096 40.5696064649076
131.06963299882 213.084546487188 40.5211073647245
128.126102817468 213.538530391058 41.894246982462
128.193997092831 224.111033344741 39.1172612360117
129.38330372852 210.157892909817 42.0856759939991
131.028211767214 199.615530678485 43.9729691558733
129.335160102758 212.335800207484 41.2368191277481
128.009356549512 219.134298831986 40.9274156200279
127.701559133979 215.983205574488 42.2117649446815
129.101801990474 209.867264690034 43.6031727794
131.203982048247 205.889986577797 41.7174173718669
129.683444403769 204.632460574369 43.4936053784855
129.151563264981 216.553431667827 40.5503727990028
127.447685438724 222.002605431449 40.9530304074682
128.50574078479 209.942445125035 42.7657533331445
128.220752377497 217.650961839269 40.7322645332397
130.132709510933 206.174001049061 42.6781949702849
131.189091425186 203.895510918087 42.4183173561829
128.620841654104 212.506322771159 41.9635045134855
130.263789456279 207.225292314348 42.015466767638
130.900577939331 204.127144340644 43.0798687276304
129.217165057356 203.639014165869 43.3596185289081
130.062062624211 213.346733756798 41.5727831939203
130.482578686573 210.659097598747 41.2986509875864
129.266808030997 213.716186119545 40.9114167698951
130.208893778813 205.613740564744 42.7199076499772
129.786566145968 209.159306720516 41.5896394835541
127.518389442788 213.457054805431 42.2393534027693
130.389187564935 208.504075272961 42.1904871369405
130.931353464204 207.462133860513 41.821232588519
128.696819299866 212.84405132009 42.0605956801888
128.417559136622 214.418817654603 41.8908946108001
131.016914380454 204.958241995226 42.3021418824882
128.87029269482 207.627093485233 43.222809663177
130.972323075038 202.082171102788 43.2890188865953
129.812182070967 215.165915864012 40.7380327663954
130.936759718681 203.842729920941 42.8465107869752
129.691217064954 212.410068333013 40.9696310774586
130.003334804435 208.742853755909 42.5772875639186
127.549015705571 214.321083722555 41.5383514418705
129.455971614629 206.463172007158 42.8294779398939
129.2337553662 212.543291097389 41.6971907233193
129.454076822066 212.75080143576 41.0202175408021
129.17196404052 208.266648691575 42.8712033285468
129.306023507143 211.836227026672 41.4607617464459
131.707916305002 197.19316548189 44.263461887037
129.859560175827 209.349307844961 42.9811501613638
127.079030850562 216.519481534526 42.0076029042582
128.892172185959 211.434588867012 41.8416476122826
129.192160347417 211.139183755731 41.8375002284907
127.992922388151 212.181695533052 42.4630351486048
130.775849986314 201.372912131689 43.1325884251526
132.459641710158 203.733312431894 42.0561116632504
129.862740952146 208.56587710712 42.1621221136208
129.337654018285 208.288847048755 42.8501489373161
131.233870714912 200.722856020682 43.060224025859
130.168612797759 211.559255378653 41.2657525635683
130.164953687851 210.5823457824 41.4125986718195
130.352106169571 205.456370613401 42.4952514286454
128.817211742859 207.79228752396 43.8511435210083
129.837827993651 203.783895252273 43.7773121195252
129.304485767238 212.263438060142 41.2437246848911
128.47282106461 212.489182383453 41.9086787466108
130.800640945514 209.955469387709 41.2914232600009
127.065268874753 216.891756434674 42.1360641944792
129.57238884416 209.634597788066 42.1806697842759
131.184995760159 198.139139862085 43.7610198832581
131.572662845444 196.91218312132 43.7120045551684
130.995609492106 206.669412346188 41.5669895614273
129.29228507485 209.731875894099 42.0709934749404
129.746899625054 211.335448787467 41.2823185346856
129.842242651388 206.883376339878 43.3237982093722
131.715591773058 200.696605768323 43.0247268279988
129.9554426941 212.234064351533 40.8197034738705
128.647961225707 216.65551911055 41.288403188248
130.587356396304 205.719320556639 42.1933663968393
127.66136851477 221.620919262043 40.313172156937
131.737436881718 198.117517910192 44.0391711029523
128.0564141457 216.696536335843 41.4633821011844
127.136915563497 218.561700136955 41.5051629887365
130.763468913995 211.586166610844 40.8705005817864
127.548189881439 221.575770544704 40.1199838557836
128.241607837728 215.593505917205 41.6656731352212
129.094809386174 211.361626256909 42.1949189576007
129.846223021704 212.613247327334 40.8676550762491
127.135032458053 217.822416513608 41.5969918004611
128.272586984123 206.559959116661 44.5840705169942
129.539366535453 206.609210983949 43.3872219772201
126.720449232311 223.928217679422 40.1751824414
129.263326879008 205.36417717445 43.11596216785
127.681182639572 219.428841103483 41.1768325620429
127.930728403695 211.227901900177 42.9333978372568
129.405682781401 209.225846382823 43.0175481506817
131.917322707919 202.594647416384 42.1199664461756
126.137565440076 222.813850729939 41.7360634413851
130.88180380317 204.675803630027 42.4568641709479
128.802466535823 210.063126347308 42.8802308200316
127.420869421766 213.692792764112 41.7827659519315
129.693926538708 214.132027695176 40.7647049252533
130.205777400935 209.876272664717 42.0067163229584
128.152371639994 210.036632079782 43.7292228655367
129.045271454796 212.23436978545 41.6837207003657
131.879628999159 209.638390307821 40.3683357860316
131.057480685219 205.367257356107 42.3550207240047
129.38483902845 211.53521177557 42.0727236682404
130.6940007731 207.544124167769 41.8850774792836
126.719048486168 219.939916166114 41.3483365518836
128.69787569106 211.407636069762 41.8530164563047
127.642544723313 216.685621137167 42.0865316785391
130.771195499099 204.25215342805 42.56690363427
127.803230306697 218.520818132372 41.284236789336
129.254396097776 211.058508088158 42.300467203929
130.065606286742 212.025431257449 40.8974536872668
129.612407658815 203.621814556364 43.8587958567804
127.708132443859 210.164144932541 44.0538684459339
130.782448803424 204.603060088632 42.5232905492903
128.389175463647 214.883960567686 41.1009189439353
130.026337618235 210.788052617469 41.7413507688615
128.556922392034 213.526394787206 41.6094275422823
127.783929913467 219.26631812231 41.1400326116692
129.198772827963 208.22864501371 43.0183238228677
129.560664966577 208.172329843511 42.5042710351716
129.876174423824 211.544215142232 41.4977140654031
130.183383269872 209.885550829054 41.7846268359806
129.361140746963 211.755099985337 41.3817896357401
126.335531511378 224.939730604792 40.8766185870965
129.97858018462 206.522468529855 42.7377340863742
130.007951728483 208.45111051321 41.8640663652617
128.273748291118 212.957896306591 42.2623330832931
127.736644206185 222.260210653043 40.1614837264903
129.385982314276 209.082608310891 42.0107541333275
130.926309884215 200.604010339592 43.4873464797044
130.413345482337 206.772608968226 42.2115888800109
129.841099792221 210.666567014558 41.735051598236
127.819137303576 213.686290127319 42.1872771310089
129.744629571307 206.949225093105 42.6468380338842
131.287714958477 199.321873320614 43.3346037250988
130.082142592241 199.098872951261 44.0711435939092
130.89481497547 205.344588462585 41.8608891450162
128.104420641736 215.190100403395 41.9265221311696
129.963097560191 206.949050641556 42.8356633406715
128.087182666645 216.262303294188 41.8043248285408
128.982175453326 205.455926055766 44.1760494094613
128.630147702717 214.51703668442 42.2851854773415
130.854725522196 201.982791657712 43.9519797127475
128.869802598309 214.135855012773 41.4202841397041
128.131224002172 210.916070794748 43.5392005372277
129.024534157737 211.982555518079 41.8393016740578
131.173825830849 203.034791091246 42.6744790042934
129.323159141248 211.526118314856 41.8462371563162
128.063538898102 218.581036017933 40.9490233553944
130.078479885572 208.196150501483 41.7287322312669
128.612514213492 212.077135876994 42.8424859056862
128.076077505914 220.023994869077 40.4534013472018
129.358513604261 208.596534391176 42.5821485422472
128.960663490021 212.879215695939 42.0743914716604
130.277218033654 207.067001743433 42.6549646574441
128.99752226518 210.917504610976 42.5109377103886
128.721406036621 216.677097145268 40.768613073819
129.229079100355 213.071316373886 41.7877114950491
129.934923854795 204.105307522794 44.0071021095044
129.571904962119 205.663733428406 43.3849795606455
130.275363240026 206.467505057997 42.5394798407674
129.118923722656 209.839332906606 42.3487757046035
130.218840754335 209.182376720547 41.7075418930106
128.786460702974 210.982851505567 42.199361581152
129.244055832344 217.945299756318 40.7587734393441
131.832924988861 209.757187834067 40.4280036928487
131.09544269213 199.325236400013 43.5832226078115
130.138898098902 208.799801215899 41.9163907028244
127.427864219533 217.777847889842 41.4102342958059
129.991669736138 214.497687744477 40.6696480757776
129.164898142398 211.806655345875 41.6453485538094
130.042463812088 207.677887400106 42.4707638151823
130.19750774131 205.383658986924 42.9590106144935
127.747471013139 220.383306146335 40.8972681036017
130.447306278896 207.24501158724 42.4618908547619
130.595753129368 206.624418877414 42.495606248844
129.847667697653 211.197599036544 41.5583232044268
129.179233403244 211.646070333974 41.6446261631882
126.837645569532 230.323689451616 38.601684389614
129.281489829452 208.170695634574 43.1625978929033
129.521285282168 207.702915926813 42.9513882017186
129.78107203132 208.963466561802 41.8162315183096
128.564788866452 217.93644023127 39.9341579553836
127.920394477585 217.61964975294 41.102252777525
127.659957861806 221.877789443091 40.2349463825039
131.420114595804 201.261159991634 43.0722461966991
130.8132919225 201.87597988575 43.4561299229848
127.201442151868 213.569786016714 43.3392855825562
129.558066052779 208.018475424688 42.4124867220144
130.94195759926 209.679558560712 40.7959775726737
128.819323958816 211.454519101231 42.2119492045291
127.391202041205 221.760499050668 40.7956023651647
128.515405642596 209.248966431133 42.7809829352114
129.645110892113 205.713220614053 43.6287372888182
130.754014693867 208.050992311899 41.8616712465059
128.947657144147 211.033362643899 42.1853967790188
130.125055983063 208.418636913021 42.6337173181878
127.923277054732 214.41365760953 41.961276807087
129.109217302454 208.959396782966 42.9426546377552
131.373881626314 206.631532122402 41.3969972286117
128.064485051965 211.738808777095 42.8846351394727
130.018552909347 209.207108412639 41.9129522325221
129.442387707376 207.419445770694 43.4073225364225
128.917812753261 213.889997813373 41.4965372671037
130.055233534343 206.903494556885 42.6960757650414
130.404106548542 204.659129084795 42.6881573856423
130.693634969359 207.527507895197 41.5162064064645
128.154795123607 215.202580742996 41.1317783153034
130.771285215433 206.47615399808 42.5582418644185
129.700565943037 208.780327011852 42.4592221212584
128.610824152965 215.390261420521 41.3566004468096
129.798936019475 209.395864077435 41.9636223939361
127.357555823552 217.486867477441 41.1845007886529
128.97638958066 212.919915200585 41.2828016000856
129.05580363137 214.795913893577 41.1012297758583
127.468893355357 226.256446635228 39.4611872609557
128.317759288172 217.713286542057 40.2891909418972
129.562711257974 213.430847744349 41.136228872695
128.573503261384 205.93057933789 44.2146105801761
130.513801449281 205.829983152934 42.963863728755
131.584220872982 202.305585873089 42.5476961197387
127.727099259737 220.160628662152 40.8446419489058
129.533733545156 210.250096172807 42.6050184603237
129.900003149653 207.142512466324 42.4175564260793
128.247336282701 213.458269237579 42.373332065228
129.86872493956 204.785586164224 42.9269808978867
128.486522635348 214.525171116974 42.136476936814
128.743969025612 212.775232113788 42.0157575485157
128.578551535568 212.91989665805 42.4285291722331
130.636526592294 211.278137547318 40.4552909736357
128.407380204926 215.832123388491 41.5036568511524
129.998699421 207.549072981863 42.3411516034983
130.377281247132 207.110420165728 41.8247042655963
131.139845812722 202.71187376953 43.3598929046517
128.27874962675 216.155385883988 41.8651020541233
130.358435376427 200.395710564938 44.2267263762701
130.067163466463 211.450870130285 41.0277794707078
128.194279574024 212.910432722358 42.9783958356258
127.399557621165 220.883672244505 41.3069060959602
130.553440160855 209.722219309027 41.680648249891
132.253166668309 194.830695544205 44.2039920231236
129.687848442318 206.718525676555 42.4714469124352
128.468966615991 211.111498040975 42.3820336506379
131.113388153992 203.871317857541 42.2609389828808
128.227784811718 215.090980214666 42.5496665849272
127.945068936748 212.419248766182 43.0469611254208
128.135168485077 211.208681808974 42.561575674358
128.942413459272 209.41659195958 42.1150858163062
128.392466307989 210.871700317975 43.6411449745748
130.732353455521 202.975639439753 43.2240893014058
127.204883266568 223.876774206413 40.5412918375641
129.30718291525 214.742171855337 41.4836397040618
130.156413613416 208.348262447061 41.9097278409048
127.662342646711 220.374170612418 40.5604336079436
131.650331011458 198.622072478121 44.1507755523275
129.565348743778 205.263065540215 43.3070230010882
130.254806521068 206.707002130937 42.500291229982
128.660034865743 212.393286591475 42.6283764740417
128.369662591812 212.193600017919 42.387954193539
128.526329061786 221.407037859186 39.7327121572156
128.772024766428 212.859517589427 42.5091847564968
130.949590470596 199.359088291202 44.2914935588872
130.645140824457 209.284501874623 41.2299437066995
128.908697543648 216.013951379035 40.3255973974243
130.987615548038 200.985232310549 43.5695854212486
128.876487382053 209.894533551303 42.5324087068276
129.147977651536 214.95276047484 41.3181990180602
129.572712491527 207.993430070534 41.9605149691383
131.590044064888 208.06801699293 40.9542390336115
128.041065787786 213.526574996571 42.2825896069119
128.360298594355 213.553803864521 41.5332130361074
130.703599755102 204.251692179438 42.9470943175578
129.719504600704 209.683209127617 41.9718492814803
128.898716712313 212.877160083899 41.5388812466424
128.479448821769 211.285975644856 42.747723086202
127.569450462893 215.564083939163 41.88717614716
129.718252010157 211.161180694556 41.6209290449324
130.845381854681 206.822548760005 41.6364411082436
128.961303923879 214.290759779538 41.7633816722619
128.260773676097 216.568537411087 40.5737909367447
131.244416396785 203.864415519089 42.1162018351648
126.295234218659 224.779060191858 40.742148477244
128.405036811951 213.264569985124 42.518247564778
129.641076717172 212.283655187729 41.3874677821757
132.054280155716 198.931674577288 43.286819559375
129.359953915396 212.291786858276 41.6057686741596
130.39230683916 211.122434505603 41.381206738334
130.241085178061 209.251932525026 41.7258472462493
130.484572290437 208.422963618142 41.6903834912668
129.073851860437 210.396973800771 42.1872171563854
129.226493937527 208.343877482718 42.1173546037917
128.427902462737 216.124745934025 41.2986577171313
128.025684965567 218.169322611736 40.8435175642105
125.809707519994 226.22011967274 40.0870523792191
128.634315746592 215.822402261802 41.2033687628639
129.966281422481 209.047234046359 42.0019834917335
128.634417961286 210.662039695718 42.0501670463832
130.525547182283 204.519313602272 42.9243707033122
131.180135233284 204.685992511738 42.5974759248026
127.496714489729 215.563968415261 42.3356662330014
127.507591218767 212.653701278582 43.3902755375509
129.230169902899 204.158551752875 44.0524456781968
129.423274667684 201.187889270589 44.2110957646316
127.067860563117 222.846538813781 40.1946109944878
129.896885528185 205.642704691132 43.2555181410124
129.305899221 216.362128302502 40.925763014719
129.403552099234 215.275528712109 40.3638155928405
128.895534332457 211.386506839159 42.2290470649941
129.233706298636 209.70300083544 42.5317164935389
129.012632222647 209.826305235024 42.7645077296255
